0.0  2793.2  2097.0  1655.3  2250.9  2118.3  1514.5  685.1  2586.1  2735.6  589.9  2971.1  365.3  2002.8  1022.8  1432.6  635.6  2103.7  2630.1  2439.6  2938.5  1326.7  854.3  407.0  2415.1  2869.2  350.4  3096.4  1783.1  2740.5  1831.6  560.5  2057.1  360.0  2459.6  1681.0  2535.0  521.1  1182.7  2093.8  659.8  1005.3  1499.9  1796.1  2035.3  875.0  2858.4  2949.7  979.7  93.3  2608.8  662.7  2078.8  1301.4  2691.0  3156.4  1882.6  1578.6  1948.0  1979.2  1258.3  2361.2  1298.3  1708.9  1797.8  607.6  1661.4  2010.5  1059.7  974.5  1456.8  1791.1  1040.5  1260.1  1696.0  1452.1  1459.5  1761.2  438.0  1525.0  371.5  2311.2  2109.9  709.9  1918.0  1655.5  2872.2  403.3  779.6  653.7  1296.9  2777.8  1723.1  509.3  3179.2  1638.8  778.8  970.8  1877.2  2718.8
2793.2  0.0  992.5  1157.3  725.4  1114.0  3132.0  2870.7  955.6  1100.6  3275.0  1787.5  2456.2  2059.0  1921.1  1673.7  3405.5  1322.9  195.3  1196.7  1395.2  3844.1  3234.6  2397.8  1224.2  836.9  2459.3  1721.7  3936.8  206.5  2444.4  3337.7  2143.4  2818.3  402.9  3583.4  260.2  2910.1  1641.2  1096.4  2150.6  3447.0  1371.9  1012.5  2301.7  2682.3  1560.5  202.3  3745.6  2861.6  188.1  2785.1  780.6  1630.0  773.1  1397.0  2662.6  3860.4  1223.2  821.1  2926.3  436.3  1718.2  1345.5  2064.3  2892.2  3475.2  2078.9  2158.1  3695.2  1344.5  2765.0  1766.9  3087.8  3469.8  2534.2  1479.6  2365.0  2381.6  2426.0  2770.9  1593.1  1065.2  2151.6  1364.7  1834.9  826.7  2390.0  3471.4  3408.6  1626.1  387.9  1070.1  3301.7  1305.7  1784.8  3564.9  3750.8  2415.0  102.0
2097.0  992.5  0.0  571.7  267.7  155.5  2156.4  2003.5  506.0  688.0  2480.0  1205.8  1823.2  1085.3  1096.9  748.2  2647.7  370.8  798.3  479.1  971.5  2960.1  2359.6  1691.3  478.2  772.3  1746.6  1243.3  2982.7  1083.3  1453.6  2657.3  1175.2  2024.4  930.4  2613.9  780.4  2080.1  933.3  120.8  1441.4  2567.6  609.6  513.5  1326.9  1777.1  1000.3  1052.4  2970.0  2144.7  879.8  1921.3  339.7  800.4  594.8  1141.1  1671.8  2927.4  232.0  516.3  1968.4  653.7  838.7  412.1  1073.4  2042.1  2501.7  1105.9  1250.1  2890.9  746.8  1772.5  1083.1  2135.8  2493.3  1552.1  639.0  1372.9  1757.4  1438.9  1974.8  720.1  95.4  1391.5  372.4  845.2  775.3  1719.1  2665.2  2639.2  803.2  775.6  668.6  2580.6  1131.8  797.8  2870.2  2990.4  1426.2  980.2
1655.3  1157.3  571.7  0.0  622.8  682.1  2091.3  1723.1  1064.9  1255.9  2118.4  1754.5  1339.6  1343.9  775.7  642.7  2254.6  822.9  982.4  1042.4  1543.0  2696.2  2086.9  1252.4  1035.9  1287.6  1312.9  1807.1  2840.4  1144.2  1589.4  2210.2  1440.6  1661.1  886.1  2518.1  897.1  1754.1  484.4  642.3  1001.2  2299.4  251.8  144.8  1557.7  1556.8  1560.4  1299.8  2592.4  1717.8  981.5  1637.1  427.8  507.0  1104.6  1709.9  1793.1  2741.0  585.3  337.4  1852.8  721.1  623.3  453.4  1243.8  1739.7  2421.1  1364.3  1052.5  2538.5  202.3  1848.3  616.3  2001.1  2423.7  1538.1  394.2  1492.9  1267.9  1461.0  1613.6  1182.8  637.9  994.7  686.9  953.7  1287.7  1256.2  2314.4  2255.5  499.3  1125.9  178.1  2159.7  1693.6  893.6  2433.3  2600.5  1582.7  1095.3
2250.9  725.4  267.7  622.8  0.0  401.9  2414.7  2218.6  504.5  707.0  2671.2  1328.7  1951.8  1348.2  1286.2  978.4  2826.9  619.9  530.8  612.0  1025.2  3184.3  2579.0  1844.2  625.7  671.4  1902.4  1331.5  3232.8  818.1  1721.3  2810.4  1436.6  2212.5  686.1  2869.9  515.2  2281.7  1068.6  378.0  1591.2  2789.2  753.3  509.2  1590.6  2005.9  1106.3  795.6  3156.7  2306.3  614.1  2134.7  217.9  985.2  490.4  1148.5  1939.5  3169.4  497.8  411.4  2219.0  403.7  1047.9  640.5  1341.1  2251.0  2759.3  1368.7  1477.1  3087.1  823.1  2039.8  1214.0  2384.2  2752.2  1813.0  823.8  1640.5  1881.9  1702.4  2163.3  940.5  347.3  1559.9  640.1  1110.0  670.4  1859.5  2861.1  2822.3  985.0  543.4  648.7  2746.9  1111.8  1060.9  3029.3  3172.0  1693.7  712.8
2118.3  1114.0  155.5  682.1  401.9  0.0  2069.0  1973.7  469.6  622.6  2470.0  1074.3  1864.1  947.8  1101.6  719.8  2647.1  219.1  922.9  363.8  875.4  2917.0  2323.5  1716.6  354.5  771.0  1769.2  1125.8  2907.4  1219.1  1332.6  2676.4  1035.2  2019.5  1079.8  2529.9  916.6  2062.8  983.8  40.8  1471.7  2528.4  668.4  645.8  1190.4  1733.9  878.4  1154.3  2962.1  2160.2  1014.9  1893.7  495.2  817.6  608.4  1064.9  1550.7  2863.5  173.0  668.0  1895.2  800.3  831.3  409.4  953.4  2018.2  2415.0  968.1  1214.0  2875.1  837.6  1659.1  1132.6  2065.3  2404.1  1461.5  664.1  1256.4  1801.6  1342.3  1969.9  564.7  60.2  1408.6  270.1  749.6  776.2  1753.0  2650.3  2635.4  823.0  858.7  799.5  2590.4  1070.5  708.8  2884.2  2986.6  1301.7  1110.5
1514.5  3132.0  2156.4  2091.3  2414.7  2069.0  0.0  829.8  2461.0  2508.4  1255.1  2364.9  1671.1  1305.1  1382.9  1472.2  1479.9  1908.6  2937.1  2205.3  2546.1  1138.3  833.1  1465.6  2170.2  2777.7  1442.3  2538.5  863.2  3181.6  878.8  1761.4  1281.6  1154.9  2955.3  463.2  2892.4  1004.8  1718.4  2072.9  1505.2  901.0  1839.8  2215.8  1146.8  701.4  2372.1  3208.4  1595.7  1454.3  2990.3  857.4  2363.1  1589.1  2648.8  2781.9  740.5  892.1  1925.7  2394.4  280.8  2730.8  1468.0  1787.7  1176.0  911.1  346.0  1295.5  1055.9  1432.4  1986.4  577.7  1690.5  265.3  337.7  608.0  1702.2  899.9  1691.8  733.5  1145.1  1857.6  2102.9  1387.1  1799.3  1319.6  2786.1  1565.3  1293.6  1430.6  1598.7  2925.9  2254.5  1584.4  2857.4  1361.3  1827.0  1666.0  936.0  3100.9
685.1  2870.7  2003.5  1723.1  2218.6  1973.7  829.8  0.0  2433.1  2542.6  564.1  2623.0  883.4  1564.0  949.9  1257.2  788.7  1889.2  2686.2  2229.0  2680.3  973.6  364.0  712.9  2198.4  2743.6  672.2  2772.7  1216.5  2867.2  1284.6  994.0  1593.2  325.2  2604.4  1030.1  2612.6  185.2  1254.9  1961.0  847.3  576.5  1498.9  1866.3  1528.5  285.8  2556.7  2992.9  1037.1  625.1  2701.2  86.0  2097.0  1242.9  2581.2  2913.5  1283.2  1061.2  1803.1  2059.3  582.1  2437.6  1170.8  1591.5  1367.3  88.1  993.3  1565.7  760.1  921.1  1559.0  1166.1  1163.6  575.5  1024.0  880.4  1399.3  1236.7  920.0  987.3  319.3  1996.1  1985.0  775.5  1723.8  1328.6  2749.2  802.2  705.8  754.9  1245.8  2761.8  1848.9  831.5  2960.2  1336.6  1116.5  1081.4  1338.5  2815.4
2586.1  955.6  506.0  1064.9  504.5  469.6  2461.0  2433.1  0.0  202.6  2937.2  861.1  2323.8  1226.0  1571.1  1186.0  3116.1  559.1  804.5  275.0  523.1  3364.4  2777.9  2183.1  309.5  318.3  2236.5  838.6  3314.9  1123.3  1655.9  3144.9  1294.1  2488.1  1096.0  2924.2  859.3  2528.0  1436.2  492.4  1936.1  2980.0  1113.7  980.6  1458.7  2185.1  632.0  912.5  3429.6  2629.1  937.2  2354.6  715.7  1284.7  208.8  650.3  1866.8  3287.9  642.2  913.4  2312.3  830.8  1300.7  878.0  1296.2  2480.6  2805.1  1243.2  1673.1  3340.0  1249.2  1996.5  1586.0  2484.9  2789.5  1855.6  1128.1  1596.2  2259.4  1727.5  2438.5  686.5  476.9  1876.8  709.7  1157.0  326.0  2216.2  3115.7  3103.9  1289.5  592.6  1131.2  3059.9  628.8  1128.1  3353.4  3455.0  1614.0  995.3
2735.6  1100.6  688.0  1255.9  707.0  622.6  2508.4  2542.6  202.6  0.0  3061.1  688.4  2486.6  1233.1  1714.4  1315.6  3247.3  653.7  968.0  314.6  323.5  3455.0  2879.1  2336.2  347.1  322.5  2387.7  645.8  3368.9  1281.7  1672.5  3291.6  1289.3  2618.3  1279.7  2970.2  1035.0  2647.8  1605.1  652.6  2093.1  3076.9  1286.1  1177.7  1452.7  2284.9  460.1  1027.4  3553.7  2774.2  1105.7  2466.8  917.7  1437.8  328.1  454.0  1875.7  3356.0  788.7  1115.7  2379.3  1022.2  1440.2  1029.2  1332.9  2595.0  2848.8  1248.1  1786.5  3457.3  1434.8  2015.0  1754.3  2552.7  2830.0  1910.6  1286.4  1623.1  2424.1  1778.5  2568.9  670.1  643.2  2025.8  827.6  1235.0  333.9  2374.7  3234.7  3232.5  1443.8  718.8  1329.7  3199.6  448.1  1214.7  3495.9  3582.6  1625.9  1152.1
589.9  3275.0  2480.0  2118.4  2671.2  2470.0  1255.1  564.1  2937.2  3061.1  0.0  3179.5  944.8  2127.1  1386.2  1751.2  231.5  2408.8  3100.4  2750.7  3218.5  744.0  429.1  902.2  2721.7  3239.9  840.9  3325.6  1269.7  3244.2  1842.8  519.2  2157.3  459.2  2968.8  1267.5  3014.8  417.6  1634.1  2452.6  1132.7  482.2  1923.8  2263.1  2091.0  849.8  3104.5  3416.0  492.6  497.0  3096.1  619.4  2524.1  1686.9  3070.2  3448.7  1824.3  1043.5  2297.1  2453.9  1071.2  2838.8  1642.6  2070.9  1929.1  488.7  1285.3  2129.2  1278.7  420.3  1931.8  1694.2  1510.5  992.4  1328.4  1438.0  1849.3  1798.8  1012.4  1549.5  508.0  2543.8  2473.9  1123.8  2234.4  1872.1  3244.6  943.9  199.9  191.7  1686.5  3212.1  2214.8  339.8  3489.0  1874.0  576.1  525.1  1897.9  3208.9
2971.1  1787.5  1205.8  1754.5  1328.7  1074.3  2364.9  2623.0  861.1  688.4  3179.5  0.0  2790.1  1083.4  1974.1  1563.6  3390.3  952.5  1655.7  730.0  410.1  3433.3  2914.4  2602.2  727.7  970.8  2643.2  181.0  3217.2  1970.1  1486.5  3500.2  1087.6  2776.7  1957.1  2803.1  1718.6  2763.6  1977.0  1114.9  2386.4  3089.0  1697.2  1717.5  1218.6  2341.1  229.6  1701.7  3660.0  2989.6  1792.5  2560.6  1513.4  1758.4  1016.3  550.2  1643.0  3254.3  1181.5  1708.2  2311.3  1689.2  1709.3  1391.7  1263.3  2692.0  2678.1  1087.8  1927.0  3538.6  1895.1  1803.4  2114.8  2478.7  2649.3  1832.4  1641.7  1477.6  2739.2  1698.7  2730.1  662.1  1123.9  2288.4  1129.6  1321.3  982.3  2662.9  3328.2  3365.1  1768.7  1402.6  1872.2  3379.7  665.3  1333.0  3681.0  3702.7  1428.9  1840.5
365.3  2456.2  1823.2  1339.6  1951.8  1864.1  1671.1  883.4  2323.8  2486.6  944.8  2790.1  0.0  1900.3  816.9  1226.9  1000.3  1879.8  2299.7  2204.2  2714.2  1666.9  1142.5  228.7  2183.1  2591.9  232.0  2900.8  2069.7  2393.8  1809.5  882.0  1967.9  599.7  2111.5  1913.4  2200.4  767.9  890.6  1835.4  403.8  1319.4  1214.6  1475.6  1975.4  976.6  2656.1  2619.6  1343.7  453.0  2270.1  829.0  1767.2  1053.7  2410.6  2922.0  1901.1  1882.4  1699.6  1651.8  1395.4  2028.8  1082.2  1459.3  1700.3  828.7  1874.0  1911.4  964.6  1338.9  1137.7  1837.8  741.5  1439.5  1902.5  1470.9  1200.3  1726.3  75.3  1513.8  580.5  2128.6  1847.9  509.6  1692.1  1508.4  2593.8  136.0  1139.4  1018.9  1046.2  2465.4  1389.0  864.5  2934.2  1480.0  1110.3  1331.8  1846.7  2378.3
2002.8  2059.0  1085.3  1343.9  1348.2  947.8  1305.1  1564.0  1226.0  1233.1  2127.1  1083.4  1900.3  0.0  1120.7  802.5  2346.5  736.2  1869.6  953.2  1241.6  2350.1  1837.1  1684.2  917.9  1528.9  1711.4  1248.7  2167.5  2166.3  440.9  2494.2  96.8  1756.3  2010.2  1759.1  1863.5  1718.2  1283.5  970.3  1518.7  2007.3  1145.9  1402.4  242.8  1278.5  1068.4  2081.7  2597.1  2003.5  1962.2  1509.3  1394.8  1040.9  1430.2  1477.0  643.3  2184.5  875.0  1516.4  1229.2  1737.9  929.9  894.1  205.1  1638.9  1635.3  21.0  947.3  2468.3  1371.5  782.8  1376.4  1398.2  1612.4  749.2  1017.2  405.2  1866.6  615.3  1713.3  564.7  1000.9  1394.8  727.7  435.7  1538.6  1764.8  2263.8  2316.5  1054.7  1769.6  1518.1  2357.2  1554.7  488.0  2656.0  2644.6  392.8  2058.2
1022.8  1921.1  1096.9  775.7  1286.2  1101.6  1382.9  949.9  1571.1  1714.4  1386.2  1974.1  816.9  1120.7  0.0  413.8  1550.9  1081.6  1737.6  1416.8  1917.2  1923.5  1313.9  632.4  1392.4  1864.1  678.8  2088.4  2078.3  1919.3  1139.1  1577.2  1199.3  928.6  1660.7  1779.0  1662.8  996.8  337.3  1079.8  414.8  1526.4  549.7  917.6  1240.0  786.5  1846.0  2046.9  1874.3  1059.8  1751.4  864.1  1150.5  301.0  1690.4  2133.8  1291.4  1968.8  929.6  1110.3  1121.3  1487.8  275.5  693.9  933.2  972.2  1692.2  1134.7  334.6  1801.0  626.3  1287.1  322.6  1254.0  1701.3  920.5  463.2  1042.7  769.8  897.3  879.2  1312.2  1098.4  317.1  895.3  703.9  1868.0  688.9  1575.0  1542.5  301.4  1828.5  912.5  1488.8  2156.9  669.4  1782.8  1893.6  1160.3  1865.6
1432.6  1673.7  748.2  642.7  978.4  719.8  1472.2  1257.2  1186.0  1315.6  1751.2  1563.6  1226.9  802.5  413.8  0.0  1932.5  672.2  1480.8  1011.4  1505.9  2212.1  1611.6  1046.2  985.3  1490.8  1091.8  1675.1  2263.2  1711.3  962.5  1982.5  893.5  1303.7  1483.7  1914.8  1426.8  1343.0  482.1  704.9  823.0  1819.4  397.7  752.5  977.0  1029.8  1432.2  1770.2  2243.6  1464.6  1523.2  1176.0  895.9  238.5  1325.1  1725.3  1158.3  2192.1  547.6  924.2  1253.8  1261.3  147.0  338.9  652.4  1299.2  1810.5  820.3  502.0  2155.3  601.8  1206.4  587.9  1414.2  1808.7  899.5  252.0  863.9  1175.7  818.4  1254.2  903.0  728.2  730.8  489.0  367.9  1495.8  1101.2  1930.5  1919.0  252.4  1516.6  817.9  1885.0  1753.1  314.7  2182.5  2269.8  963.3  1635.4
635.6  3405.5  2647.7  2254.6  2826.9  2647.1  1479.9  788.7  3116.1  3247.3  231.5  3390.3  1000.3  2346.5  1550.9  1932.5  0.0  2597.7  3236.2  2939.6  3415.9  822.0  648.0  1009.0  2911.6  3413.9  947.2  3533.2  1415.3  3362.7  2071.3  339.7  2379.6  629.0  3083.7  1460.7  3145.9  628.7  1772.0  2627.6  1255.0  656.2  2074.6  2398.1  2317.2  1073.2  3308.5  3554.3  344.7  553.5  3223.5  837.3  2669.5  1848.7  3241.1  3643.9  2055.6  1178.0  2474.1  2586.1  1302.1  2970.6  1816.0  2243.0  2146.7  709.0  1489.2  2349.3  1475.8  358.4  2061.7  1925.7  1639.5  1219.0  1533.8  1666.6  2011.2  2025.3  1073.6  1775.9  678.4  2748.6  2647.4  1267.6  2419.7  2076.3  3418.1  1029.8  243.6  55.0  1847.0  3363.8  2337.7  185.4  3680.2  2074.8  347.2  346.0  2126.0  3335.0
2103.7  1322.9  370.8  822.9  619.9  219.1  1908.6  1889.2  559.1  653.7  2408.8  952.5  1879.8  736.2  1081.6  672.2  2597.7  0.0  1134.2  342.0  836.1  2809.1  2227.9  1712.2  314.0  877.2  1760.2  1034.8  2758.6  1435.1  1136.3  2654.6  821.0  1968.9  1298.9  2371.5  1133.2  1994.6  1031.8  250.0  1478.3  2427.5  744.7  816.4  978.8  1633.8  785.6  1349.7  2901.1  2136.8  1231.0  1813.1  706.8  828.0  740.2  1053.1  1353.1  2729.0  237.5  867.9  1753.7  1019.4  806.2  440.7  761.7  1941.4  2253.8  756.1  1132.9  2803.8  946.4  1469.6  1174.2  1926.1  2239.9  1301.3  696.5  1065.9  1822.7  1175.8  1919.7  366.0  277.6  1397.7  187.8  598.1  884.7  1760.1  2581.3  2581.7  836.6  1043.1  963.9  2555.8  1082.8  569.6  2854.0  2931.2  1101.6  1324.2
2630.1  195.3  798.3  982.4  530.8  922.9  2937.1  2686.2  804.5  968.0  3100.4  1655.7  2299.7  1869.6  1737.6  1480.8  3236.2  1134.2  0.0  1029.1  1277.2  3658.9  3049.8  2231.0  1054.5  740.6  2292.1  1605.2  3743.8  319.7  2251.2  3179.2  1955.2  2642.4  362.4  3389.0  118.4  2730.0  1466.7  904.0  1981.6  3261.9  1187.9  838.3  2112.4  2493.3  1426.6  319.9  3574.7  2696.0  141.6  2600.7  590.9  1443.8  642.0  1308.1  2469.4  3669.5  1028.5  651.0  2732.6  271.8  1528.7  1151.1  1871.0  2709.7  3280.5  1889.8  1967.8  3520.3  1175.1  2570.6  1596.8  2894.7  3274.8  2338.9  1291.3  2171.1  2225.7  2230.7  2594.6  1416.3  872.8  1976.6  1170.6  1639.8  731.8  2227.9  3295.7  3237.7  1440.5  307.0  910.8  3137.2  1227.8  1589.6  3405.0  3582.0  2222.5  195.0
2439.6  1196.7  479.1  1042.4  612.0  363.8  2205.3  2229.0  275.0  314.6  2750.7  730.0  2204.2  953.2  1416.8  1011.4  2939.6  342.0  1029.1  0.0  515.0  3140.7  2564.6  2044.3  35.5  577.7  2093.9  765.3  3063.4  1347.9  1386.2  2992.7  1019.6  2310.7  1278.0  2668.0  1063.6  2336.3  1336.0  401.8  1805.8  2762.2  1027.3  992.6  1184.3  1970.3  521.1  1174.3  3243.0  2474.8  1151.4  2153.6  785.1  1150.8  483.0  718.4  1595.3  3045.7  508.7  978.6  2068.8  998.4  1141.4  746.4  1033.3  2282.3  2547.6  970.0  1474.2  3144.9  1201.4  1727.8  1483.0  2242.1  2530.4  1603.7  1007.0  1329.9  2144.5  1473.0  2261.4  412.6  404.4  1731.2  522.6  921.1  587.0  2088.0  2922.7  2923.7  1158.0  853.8  1147.8  2896.2  741.8  900.1  3193.8  3273.2  1343.0  1223.8
2938.5  1395.2  971.5  1543.0  1025.2  875.4  2546.1  2680.3  523.1  323.5  3218.5  410.1  2714.2  1241.6  1917.2  1505.9  3415.9  836.1  1277.2  515.0  0.0  3554.5  3000.1  2548.3  532.6  565.9  2596.1  328.1  3408.9  1584.7  1678.1  3486.9  1275.9  2789.4  1599.1  3000.7  1351.0  2801.3  1850.7  911.6  2313.8  3189.1  1542.0  1477.4  1429.9  2409.7  217.6  1298.0  3708.5  2969.4  1417.0  2609.5  1231.2  1660.8  636.2  237.4  1863.3  3419.0  1023.5  1429.8  2450.2  1345.1  1642.2  1259.8  1382.5  2740.2  2876.7  1252.4  1940.7  3601.2  1710.8  2014.9  1997.3  2622.6  2853.0  1970.6  1520.4  1646.4  2655.8  1835.4  2740.7  698.2  909.7  2233.7  1023.5  1351.9  577.1  2595.7  3382.7  3396.7  1668.6  1007.6  1631.5  3383.0  317.1  1345.2  3682.6  3743.3  1625.2  1455.0
1326.7  3844.1  2960.1  2696.2  3184.3  2917.0  1138.3  973.6  3364.4  3455.0  744.0  3433.3  1666.9  2350.1  1923.5  2212.1  822.0  2809.1  3658.9  3140.7  3554.5  0.0  609.6  1580.7  3108.0  3680.0  1523.8  3598.2  658.4  3840.1  1966.9  1156.2  2349.9  1098.8  3575.5  875.4  3586.1  962.4  2224.2  2908.2  1776.3  397.1  2472.2  2839.6  2238.4  1183.7  3405.4  3964.1  677.2  1233.4  3674.8  1059.5  3069.1  2215.1  3525.0  3791.5  1865.8  417.6  2750.2  3032.7  1123.4  3411.2  2137.3  2550.3  2180.1  959.6  961.1  2345.5  1710.1  522.4  2528.8  1706.6  2124.0  961.3  1008.6  1601.0  2369.8  1960.0  1728.8  1735.0  1136.2  2856.8  2933.9  1729.4  2657.0  2220.3  3686.4  1642.3  586.9  772.0  2218.5  3726.3  2818.5  1005.6  3851.0  2241.1  1073.8  758.5  2026.1  3789.0
854.3  3234.6  2359.6  2086.9  2579.0  2323.5  833.1  364.0  2777.9  2879.1  429.1  2914.4  1142.5  1837.1  1313.9  1611.6  648.0  2227.9  3049.8  2564.6  3000.1  609.6  0.0  1015.0  2533.0  3091.1  963.8  3071.3  931.2  3230.9  1502.7  946.7  1852.7  543.6  2967.3  854.0  2976.6  381.8  1616.7  2312.6  1186.2  212.6  1862.7  2230.1  1764.8  594.3  2864.8  3355.9  789.1  769.0  3065.2  449.9  2460.3  1606.2  2931.8  3235.4  1453.0  740.7  2154.5  2423.2  680.0  2801.6  1531.1  1948.3  1651.0  356.6  861.1  1835.8  1110.6  641.2  1921.1  1311.0  1520.7  575.5  903.0  1105.4  1761.7  1473.9  1193.8  1230.5  569.6  2307.5  2337.5  1128.1  2068.4  1651.3  3097.0  1090.5  467.5  597.9  1609.3  3121.8  2211.0  767.3  3287.8  1665.8  994.7  851.5  1560.5  3179.4
407.0  2397.8  1691.3  1252.4  1844.2  1716.6  1465.6  712.9  2183.1  2336.2  902.2  2602.2  228.7  1684.2  632.4  1046.2  1009.0  1712.2  2231.0  2044.3  2548.3  1580.7  1015.0  0.0  2021.1  2463.6  62.0  2719.8  1924.3  2353.9  1581.6  967.3  1749.1  482.1  2075.4  1736.1  2138.6  633.2  776.4  1691.0  253.0  1209.1  1092.9  1394.5  1751.5  765.5  2478.1  2550.0  1351.6  465.4  2215.1  646.9  1674.0  899.0  2284.9  2762.4  1672.4  1752.8  1547.6  1580.1  1186.9  1963.8  906.4  1307.6  1482.5  673.8  1687.6  1694.6  742.1  1317.8  1056.0  1610.5  636.3  1244.5  1713.3  1242.6  1055.2  1499.2  228.6  1285.2  447.8  1940.1  1706.4  315.3  1525.1  1303.6  2466.4  101.1  1102.1  1015.5  893.8  2372.4  1329.0  907.3  2781.6  1279.3  1185.2  1353.5  1619.4  2326.3
2415.1  1224.2  478.2  1035.9  625.7  354.5  2170.2  2198.4  309.5  347.1  2721.7  727.7  2183.1  917.9  1392.4  985.3  2911.6  314.0  1054.5  35.5  532.6  3108.0  2533.0  2021.1  0.0  613.2  2070.2  771.4  3028.5  1372.7  1350.8  2967.4  984.7  2282.8  1297.1  2632.9  1086.3  2307.0  1318.4  393.7  1783.8  2730.1  1012.6  990.8  1149.4  1938.7  524.7  1205.1  3213.9  2449.5  1175.2  2123.4  792.1  1129.4  517.0  741.5  1560.0  3011.5  491.6  983.8  2034.6  1016.5  1116.9  727.2  998.0  2252.3  2512.4  934.8  1444.6  3114.9  1191.0  1692.4  1464.8  2207.9  2495.2  1568.9  987.8  1294.4  2124.0  1438.1  2233.7  379.7  399.0  1707.5  497.2  888.0  622.5  2066.0  2893.1  2895.3  1137.0  884.9  1145.8  2869.7  768.8  867.9  3167.6  3244.6  1307.6  1249.4
2869.2  836.9  772.3  1287.6  671.4  771.0  2777.7  2743.6  318.3  322.5  3239.9  970.8  2591.9  1528.9  1864.1  1490.8  3413.9  877.2  740.6  577.7  565.9  3680.0  3091.1  2463.6  613.2  0.0  2518.8  888.3  3632.6  1033.3  1963.7  3429.5  1591.7  2787.7  1087.9  3240.9  831.4  2833.7  1701.3  787.3  2213.4  3294.3  1377.3  1180.4  1756.1  2499.2  752.6  732.2  3731.7  2916.4  882.2  2664.2  886.8  1570.9  183.1  567.5  2171.9  3606.2  943.3  1069.5  2630.6  868.9  1598.5  1171.0  1609.6  2789.0  3121.3  1545.3  1983.6  3646.0  1483.7  2305.5  1850.5  2803.2  3105.1  2173.1  1410.5  1907.4  2524.7  2044.4  2738.1  974.3  766.6  2163.0  1023.2  1475.3  11.7  2490.2  3421.1  3403.6  1574.3  450.0  1319.2  3351.2  491.1  1445.9  3641.8  3754.9  1919.9  904.8
350.4  2459.3  1746.6  1312.9  1902.4  1769.2  1442.3  672.2  2236.5  2387.7  840.9  2643.2  232.0  1711.4  678.8  1091.8  947.2  1760.2  2292.1  2093.9  2596.1  1523.8  963.8  62.0  2070.2  2518.8  0.0  2763.1  1878.4  2415.8  1593.5  910.8  1774.0  426.5  2137.4  1699.7  2200.0  582.1  835.5  1744.2  312.3  1155.3  1150.4  1455.2  1771.0  745.5  2522.5  2611.0  1289.6  405.2  2276.7  610.4  1733.7  951.8  2340.6  2811.7  1676.8  1703.1  1599.5  1641.2  1165.4  2025.1  954.0  1359.9  1508.5  628.0  1654.8  1721.2  765.6  1256.1  1117.0  1609.3  696.6  1215.2  1681.7  1245.2  1109.3  1513.4  251.1  1294.0  394.7  1981.5  1760.0  362.7  1573.6  1338.7  2521.8  130.0  1040.8  953.5  947.0  2431.8  1390.7  847.1  2832.3  1316.5  1127.0  1291.8  1633.1  2388.0
3096.4  1721.7  1243.3  1807.1  1331.5  1125.8  2538.5  2772.7  838.6  645.8  3325.6  181.0  2900.8  1248.7  2088.4  1675.1  3533.2  1034.8  1605.2  765.3  328.1  3598.2  3071.3  2719.8  771.4  888.3  2763.1  0.0  3393.0  1912.4  1659.7  3632.3  1258.4  2915.0  1925.1  2979.3  1678.3  2908.6  2066.5  1165.1  2497.1  3249.3  1773.7  1756.4  1393.6  2492.9  249.8  1618.6  3809.2  3118.7  1745.0  2708.1  1529.4  1857.4  964.0  399.1  1820.3  3426.4  1251.7  1727.3  2477.9  1667.4  1818.7  1474.9  1421.9  2839.5  2854.3  1254.4  2062.9  3691.0  1960.5  1980.0  2208.3  2646.5  2826.0  1997.7  1731.1  1647.2  2847.2  1863.3  2867.7  787.4  1169.4  2404.8  1219.1  1457.9  899.2  2776.3  3478.4  3509.5  1866.9  1333.9  1911.6  3516.4  517.2  1464.4  3817.7  3849.9  1602.6  1782.8
1783.1  3936.8  2982.7  2840.4  3232.8  2907.4  863.2  1216.5  3314.9  3368.9  1269.7  3217.2  2069.7  2167.5  2078.3  2263.2  1415.3  2758.6  3743.8  3063.4  3408.9  658.4  931.2  1924.3  3028.5  3632.6  1878.4  3393.0  0.0  3967.2  1736.2  1754.6  2140.5  1470.2  3723.7  414.9  3688.7  1302.2  2410.5  2907.8  2060.0  790.9  2595.2  2975.5  1999.4  1293.5  3232.8  4028.3  1330.4  1695.4  3784.0  1292.5  3158.1  2334.4  3498.0  3644.5  1576.2  243.7  2755.7  3163.1  1014.3  3520.5  2228.8  2594.7  2037.9  1250.7  539.8  2157.3  1789.8  1167.9  2704.5  1414.4  2344.5  849.2  572.1  1459.9  2469.3  1762.5  2117.3  1590.6  1490.6  2720.7  2936.8  1975.2  2637.5  2162.9  3640.7  2007.6  1171.9  1360.9  2341.4  3757.5  2988.6  1586.4  3720.6  2199.4  1708.1  1412.1  1792.0  3896.9
2740.5  206.5  1083.3  1144.2  818.1  1219.1  3181.6  2867.2  1123.3  1281.7  3244.2  1970.1  2393.8  2166.3  1919.3  1711.3  3362.7  1435.1  319.7  1347.9  1584.7  3840.1  3230.9  2353.9  1372.7  1033.3  2415.8  1912.4  3967.2  0.0  2533.6  3275.2  2254.3  2791.6  283.2  3626.0  302.9  2893.6  1619.4  1196.0  2112.5  3443.4  1377.4  1001.8  2408.6  2695.3  1741.5  392.5  3705.4  2813.3  204.2  2781.2  819.4  1639.0  953.9  1597.1  2751.4  3878.7  1306.8  809.5  2963.7  451.1  1738.8  1397.1  2154.0  2882.6  3521.5  2186.7  2178.9  3664.1  1316.0  2844.7  1734.3  3120.6  3518.8  2593.0  1498.2  2449.8  2318.6  2491.5  2745.5  1730.5  1165.4  2126.5  1452.9  1908.3  1023.4  2337.6  3442.4  3369.1  1633.5  583.5  1029.6  3249.8  1508.3  1855.1  3504.0  3706.2  2508.1  129.8
1831.6  2444.4  1453.6  1589.4  1721.3  1332.6  878.8  1284.6  1655.9  1672.5  1842.8  1486.5  1809.5  440.9  1139.1  962.5  2071.3  1136.3  2251.2  1386.2  1678.1  1966.9  1502.7  1581.6  1350.8  1963.7  1593.5  1659.7  1736.2  2533.6  0.0  2265.3  404.3  1533.3  2351.1  1324.8  2231.7  1458.4  1394.8  1348.1  1475.2  1650.8  1356.1  1677.5  271.9  1005.9  1497.1  2484.5  2285.8  1812.8  2331.4  1248.1  1731.2  1175.8  1856.6  1911.9  218.2  1768.0  1226.8  1821.3  847.2  2091.3  1044.9  1174.9  380.2  1368.3  1200.2  427.8  860.6  2143.7  1564.1  342.5  1446.7  1005.6  1175.3  404.8  1212.0  99.5  1792.5  307.0  1497.2  1005.5  1379.4  1340.4  1081.6  643.2  1973.1  1675.1  1954.6  2034.5  1189.4  2179.4  1767.4  2111.5  1992.7  702.2  2400.8  2341.5  59.1  2433.6
560.5  3337.7  2657.3  2210.2  2810.4  2676.4  1761.4  994.0  3144.9  3291.6  519.2  3500.2  882.0  2494.2  1577.2  1982.5  339.7  2654.6  3179.2  2992.7  3486.9  1156.2  946.7  967.3  2967.4  3429.5  910.8  3632.3  1754.6  3275.2  2265.3  0.0  2538.2  738.9  2992.7  1784.6  3081.3  811.7  1741.7  2652.5  1219.7  987.0  2060.1  2349.4  2494.7  1260.7  3398.3  3499.1  574.3  517.9  3151.9  1018.7  2635.6  1860.5  3251.4  3707.7  2276.6  1517.7  2505.4  2529.6  1555.4  2908.9  1851.9  2267.1  2290.0  906.5  1804.5  2499.5  1574.0  660.4  2010.1  2159.6  1598.0  1496.4  1847.6  1865.3  2019.4  2208.0  957.0  1961.0  781.0  2845.0  2669.1  1268.1  2470.3  2179.1  3432.5  954.0  583.3  393.8  1856.3  3334.8  2269.2  179.4  3733.7  2168.4  229.8  527.3  2316.6  3260.2
2057.1  2143.4  1175.2  1440.6  1436.6  1035.2  1281.6  1593.2  1294.1  1289.3  2157.3  1087.6  1967.9  96.8  1199.3  893.5  2379.6  821.0  1955.2  1019.6  1275.9  2349.9  1852.7  1749.1  984.7  1591.7  1774.0  1258.4  2140.5  2254.3  404.3  2538.2  0.0  1799.3  2102.2  1729.1  1951.7  1752.9  1373.1  1059.1  1591.7  2016.3  1241.5  1499.0  164.6  1307.5  1092.9  2161.2  2621.1  2054.1  2050.1  1542.6  1488.0  1131.4  1500.2  1508.8  590.1  2168.1  968.1  1611.8  1226.5  1828.6  1017.8  990.8  268.3  1670.6  1604.5  76.3  1008.4  2488.3  1466.8  739.0  1462.5  1392.2  1579.2  752.4  1111.8  390.5  1936.7  622.7  1757.6  619.4  1089.4  1465.5  821.3  525.7  1601.7  1832.1  2287.8  2347.8  1145.3  1847.2  1614.9  2397.2  1591.5  579.8  2694.4  2671.0  349.8  2144.9
360.0  2818.3  2024.4  1661.1  2212.5  2019.5  1154.9  325.2  2488.1  2618.3  459.2  2776.7  599.7  1756.3  928.6  1303.7  629.0  1968.9  2642.4  2310.7  2789.4  1098.8  543.6  482.1  2282.8  2787.7  426.5  2915.0  1470.2  2791.6  1533.3  738.9  1799.3  0.0  2518.3  1333.3  2558.0  170.7  1177.1  2000.8  687.8  729.3  1464.6  1805.9  1757.2  539.9  2686.7  2957.5  945.7  303.0  2640.4  310.0  2065.0  1228.9  2616.3  3016.3  1561.2  1284.3  1846.5  1997.3  902.1  2382.0  1189.3  1617.2  1552.7  248.8  1307.1  1761.3  852.6  878.0  1476.9  1457.9  1057.4  900.1  1340.4  1138.8  1391.4  1472.3  650.2  1227.2  49.6  2128.4  2021.2  666.7  1790.7  1457.2  2792.1  549.7  653.3  615.9  1228.2  2753.0  1762.0  603.7  3051.5  1452.2  904.7  967.2  1583.0  2753.5
2459.6  402.9  930.4  886.1  686.1  1079.8  2955.3  2604.4  1096.0  1279.7  2968.8  1957.1  2111.5  2010.2  1660.7  1483.7  3083.7  1298.9  362.4  1278.0  1599.1  3575.5  2967.3  2075.4  1297.1  1087.9  2137.4  1925.1  3723.7  283.2  2351.1  2992.7  2102.2  2518.3  0.0  3392.6  257.2  2624.3  1351.6  1050.1  1836.2  3179.6  1128.5  748.3  2249.6  2442.7  1728.0  603.5  3426.9  2533.3  236.4  2518.4  620.2  1389.6  966.1  1652.6  2566.9  3627.0  1136.0  561.9  2727.9  282.7  1496.8  1188.0  1975.5  2616.5  3291.4  2031.1  1934.0  3388.3  1047.0  2649.6  1461.1  2880.7  3291.1  2377.7  1257.4  2262.9  2036.3  2283.4  2472.7  1626.5  1021.5  1855.1  1283.9  1713.9  1080.0  2057.1  3167.5  3090.9  1382.9  668.6  757.9  2968.9  1578.7  1657.8  3221.6  3426.6  2330.6  303.3
1681.0  3583.4  2613.9  2518.1  2869.9  2529.9  463.2  1030.1  2924.2  2970.2  1267.5  2803.1  1913.4  1759.1  1779.0  1914.8  1460.7  2371.5  3389.0  2668.0  3000.7  875.4  854.0  1736.1  2632.9  3240.9  1699.7  2979.3  414.9  3626.0  1324.8  1784.6  1729.1  1333.3  3392.6  0.0  3340.5  1163.9  2116.1  2532.9  1828.9  806.4  2268.3  2647.7  1586.0  1020.9  2821.9  3664.8  1473.4  1603.4  3437.5  1089.5  2809.9  2011.6  3111.7  3235.5  1161.4  516.4  2384.1  2830.6  665.3  3176.1  1897.0  2237.9  1637.4  1088.8  125.1  1748.3  1467.7  1302.7  2398.4  999.9  2068.8  526.2  158.9  1070.4  2135.4  1355.2  1949.2  1196.7  1340.5  2316.2  2562.6  1726.6  2259.9  1781.0  3249.3  1829.1  1232.7  1406.3  2020.1  3385.5  2675.2  1606.3  3313.6  1821.3  1791.6  1552.6  1379.9  3549.1
2535.0  260.2  780.4  897.1  515.2  916.6  2892.4  2612.6  859.3  1035.0  3014.8  1718.6  2200.4  1863.5  1662.8  1426.8  3145.9  1133.2  118.4  1063.6  1351.0  3586.1  2976.6  2138.6  1086.3  831.4  2200.0  1678.3  3688.7  302.9  2231.7  3081.3  1951.7  2558.0  257.2  3340.5  0.0  2650.3  1381.0  893.2  1890.9  3189.0  1114.2  752.3  2105.7  2427.7  1489.0  424.0  3485.7  2602.7  99.8  2526.8  530.9  1373.4  715.4  1397.1  2449.6  3607.9  1004.9  560.9  2680.7  176.1  1465.0  1105.0  1851.9  2633.2  3234.1  1883.9  1905.5  3435.0  1084.5  2544.7  1506.9  2840.3  3230.1  2299.4  1225.3  2148.6  2126.0  2195.4  2510.7  1435.7  862.6  1891.4  1150.5  1609.3  823.3  2132.1  3211.2  3148.7  1369.1  415.1  812.3  3043.2  1321.8  1556.9  3307.9  3491.3  2205.8  208.6
521.1  2910.1  2080.1  1754.1  2281.7  2062.8  1004.8  185.2  2528.0  2647.8  417.6  2763.6  767.9  1718.2  996.8  1343.0  628.7  1994.6  2730.0  2336.3  2801.3  962.4  381.8  633.2  2307.0  2833.7  582.1  2908.6  1302.2  2893.6  1458.4  811.7  1752.9  170.7  2624.3  1163.9  2650.3  0.0  1274.1  2047.0  814.1  579.0  1544.0  1898.8  1696.2  452.5  2687.0  3041.9  907.6  452.0  2735.6  211.2  2145.9  1297.1  2666.4  3032.0  1465.0  1121.3  1890.4  2091.5  765.1  2474.4  1241.4  1668.8  1518.0  97.3  1140.6  1721.3  862.7  812.4  1577.9  1350.2  1165.9  744.9  1174.9  1055.9  1457.9  1406.1  815.5  1157.2  188.8  2126.2  2069.3  770.5  1822.4  1454.5  2838.6  709.3  587.7  601.5  1298.1  2824.6  1866.3  653.2  3073.4  1456.6  944.2  942.7  1511.1  2849.4
1182.7  1641.2  933.3  484.4  1068.6  983.8  1718.4  1254.9  1436.2  1605.1  1634.1  1977.0  890.6  1283.5  337.3  482.1  1772.0  1031.8  1466.7  1336.0  1850.7  2224.2  1616.7  776.4  1318.4  1701.3  835.5  2066.5  2410.5  1619.4  1394.8  1741.7  1373.1  1177.1  1351.6  2116.1  1381.0  1274.1  0.0  952.5  523.4  1828.7  324.1  629.0  1446.6  1117.0  1817.3  1783.4  2108.7  1240.5  1463.7  1169.0  898.7  244.0  1520.2  2048.2  1569.2  2293.7  827.3  820.3  1458.5  1204.9  358.1  593.0  1123.6  1265.0  2029.5  1300.9  664.2  2054.2  304.6  1585.0  149.8  1590.8  2038.3  1231.0  335.7  1295.5  824.2  1188.8  1129.8  1333.2  962.7  510.4  848.6  847.9  1703.3  791.8  1830.2  1771.9  230.5  1596.3  594.3  1682.2  2053.2  796.4  1961.4  2118.0  1405.8  1577.1
2093.8  1096.4  120.8  642.3  378.0  40.8  2072.9  1961.0  492.4  652.6  2452.6  1114.9  1835.4  970.3  1079.8  704.9  2627.6  250.0  904.0  401.8  911.6  2908.2  2312.6  1691.0  393.7  787.3  1744.2  1165.1  2907.8  1196.0  1348.1  2652.5  1059.1  2000.8  1050.1  2532.9  893.2  2047.0  952.5  0.0  1444.9  2518.5  635.0  605.0  1212.6  1724.6  918.1  1143.4  2944.4  2136.9  992.0  1880.5  458.9  792.4  620.3  1097.8  1566.4  2860.5  158.2  629.0  1894.6  772.0  811.6  386.0  968.2  2004.1  2418.8  990.8  1202.3  2859.3  800.0  1671.8  1101.7  2064.0  2408.7  1466.1  636.7  1270.1  1772.3  1348.9  1951.1  602.1  31.2  1384.4  274.7  754.9  792.0  1725.6  2634.2  2616.6  797.3  853.0  758.7  2568.5  1100.7  711.7  2861.4  2967.9  1318.6  1089.6
659.8  2150.6  1441.4  1001.2  1591.2  1471.7  1505.2  847.3  1936.1  2093.1  1132.7  2386.4  403.8  1518.7  414.8  823.0  1255.0  1478.3  1981.6  1805.8  2313.8  1776.3  1186.2  253.0  1783.8  2213.4  312.3  2497.1  2060.0  2112.5  1475.2  1219.7  1591.7  687.8  1836.2  1828.9  1890.9  814.1  523.4  1444.9  0.0  1391.2  840.5  1144.0  1614.2  814.1  2252.7  2300.1  1595.3  717.4  1969.1  768.1  1421.4  655.7  2034.1  2524.1  1594.6  1908.2  1304.5  1331.1  1225.0  1715.6  678.4  1063.9  1323.4  830.8  1765.3  1531.2  614.6  1552.1  806.7  1556.2  385.0  1313.8  1785.0  1180.0  808.2  1385.2  355.0  1196.7  644.9  1725.2  1459.3  135.6  1290.6  1113.9  2216.0  282.2  1331.8  1258.3  649.4  2119.6  1084.3  1159.3  2539.7  1082.3  1438.2  1600.6  1506.0  2081.0
1005.3  3447.0  2567.6  2299.4  2789.2  2528.4  901.0  576.5  2980.0  3076.9  482.2  3089.0  1319.4  2007.3  1526.4  1819.4  656.2  2427.5  3261.9  2762.2  3189.1  397.1  212.6  1209.1  2730.1  3294.3  1155.3  3249.3  790.9  3443.4  1650.8  987.0  2016.3  729.3  3179.6  806.4  3189.0  579.0  1828.7  2518.5  1391.2  0.0  2075.1  2442.7  1918.2  795.1  3048.2  3567.5  698.0  914.8  3277.7  662.4  2672.2  1818.2  3136.8  3425.2  1579.0  574.4  2360.3  2635.7  807.1  3014.1  1741.7  2156.9  1827.4  565.9  844.3  2004.6  1317.7  532.1  2133.2  1428.3  1731.2  669.7  890.6  1264.1  1973.2  1631.1  1375.6  1394.2  761.4  2493.8  2543.7  1337.7  2271.1  1845.0  3300.4  1279.0  426.6  601.4  1821.5  3331.7  2423.0  811.6  3480.6  1862.3  985.5  771.6  1709.5  3391.9
1499.9  1371.9  609.6  251.8  753.3  668.4  1839.8  1498.9  1113.7  1286.1  1923.8  1697.2  1214.6  1145.9  549.7  397.7  2074.6  744.7  1187.9  1027.3  1542.0  2472.2  1862.7  1092.9  1012.6  1377.3  1150.4  1773.7  2595.2  1377.4  1356.1  2060.1  1241.5  1464.6  1128.5  2268.3  1114.2  1544.0  324.1  635.0  840.5  2075.1  0.0  380.4  1346.0  1317.9  1523.9  1497.9  2406.3  1553.6  1204.2  1413.3  602.0  261.7  1196.5  1732.8  1555.0  2501.5  522.5  568.9  1603.1  939.9  372.0  309.5  1025.2  1521.9  2170.4  1165.6  805.6  2341.9  227.3  1603.7  473.7  1753.2  2172.6  1287.7  145.8  1258.2  1148.2  1213.6  1415.9  1077.1  642.9  807.1  573.9  733.0  1379.5  1113.9  2116.3  2071.1  256.1  1289.6  422.2  1993.8  1733.8  673.5  2277.4  2420.1  1353.4  1318.4
1796.1  1012.5  513.5  144.8  509.2  645.8  2215.8  1866.3  980.6  1177.7  2263.1  1717.5  1475.6  1402.4  917.6  752.5  2398.1  816.4  838.3  992.6  1477.4  2839.6  2230.1  1394.5  990.8  1180.4  1455.2  1756.4  2975.5  1001.8  1677.5  2349.4  1499.0  1805.9  748.3  2647.7  752.3  1898.8  629.0  605.0  1144.0  2442.7  380.4  0.0  1625.5  1695.6  1513.7  1156.2  2736.4  1859.8  836.9  1780.3  300.2  641.3  998.6  1630.5  1885.9  2879.8  584.5  193.1  1982.5  576.2  750.7  510.7  1320.0  1883.8  2548.6  1423.2  1185.9  2683.2  339.4  1949.8  759.0  2133.5  2549.9  1651.9  513.7  1583.0  1403.1  1568.3  1758.4  1182.2  593.9  1139.4  707.6  1035.5  1179.5  1395.7  2459.1  2399.5  634.7  991.0  155.2  2301.5  1605.9  975.9  2573.4  2744.0  1666.7  950.8
2035.3  2301.7  1326.9  1557.7  1590.6  1190.4  1146.8  1528.5  1458.7  1452.7  2091.0  1218.6  1975.4  242.8  1240.0  977.0  2317.2  978.8  2112.4  1184.3  1429.9  2238.4  1764.8  1751.5  1149.4  1756.1  1771.0  1393.6  1999.4  2408.6  271.9  2494.7  164.6  1757.2  2249.6  1586.0  2105.7  1696.2  1446.6  1212.6  1614.2  1918.2  1346.0  1625.5  0.0  1244.9  1241.0  2323.0  2543.4  2024.8  2204.6  1485.0  1632.4  1210.2  1664.7  1660.6  433.5  2037.7  1113.6  1747.8  1117.3  1978.7  1088.5  1114.9  324.6  1609.6  1461.0  222.8  1010.9  2404.7  1567.4  588.5  1523.1  1277.2  1433.6  659.8  1209.9  292.6  1950.0  541.6  1718.0  783.1  1243.3  1483.5  965.9  614.3  1766.2  1839.5  2210.9  2282.5  1224.2  2009.8  1734.2  2346.9  1746.4  673.0  2640.4  2596.8  213.0  2300.9
875.0  2682.3  1777.1  1556.8  2005.9  1733.9  701.4  285.8  2185.1  2284.9  849.8  2341.1  976.6  1278.5  786.5  1029.8  1073.2  1633.8  2493.3  1970.3  2409.7  1183.7  594.3  765.5  1938.7  2499.2  745.5  2492.9  1293.5  2695.3  1005.9  1260.7  1307.5  539.9  2442.7  1020.9  2427.7  452.5  1117.0  1724.6  814.1  795.1  1317.9  1695.6  1244.9  0.0  2280.2  2792.3  1320.1  836.5  2520.0  242.2  1902.5  1056.4  2342.1  2644.3  1021.8  1184.3  1566.6  1886.4  421.6  2255.3  964.7  1368.6  1082.7  364.7  951.9  1280.1  528.8  1198.2  1412.7  919.0  1054.6  500.2  970.9  604.6  1202.7  954.0  992.8  704.9  511.4  1720.6  1750.2  706.3  1476.0  1058.7  2505.4  865.7  987.5  1040.4  1061.9  2546.0  1698.8  1105.5  2694.9  1071.8  1396.2  1366.2  1058.5  2633.9
2858.4  1560.5  1000.3  1560.4  1106.3  878.4  2372.1  2556.7  632.0  460.1  3104.5  229.6  2656.1  1068.4  1846.0  1432.2  3308.5  785.6  1426.6  521.1  217.6  3405.4  2864.8  2478.1  524.7  752.6  2522.5  249.8  3232.8  1741.5  1497.1  3398.3  1092.9  2686.7  1728.0  2821.9  1489.0  2687.0  1817.3  918.1  2252.7  3048.2  1523.9  1513.7  1241.0  2280.2  0.0  1479.9  3591.1  2883.2  1563.1  2489.5  1296.7  1610.0  788.2  424.5  1674.1  3252.8  1002.0  1493.3  2291.7  1461.1  1574.6  1225.3  1225.6  2620.9  2697.3  1077.1  1834.2  3477.2  1711.5  1829.0  1959.6  2462.7  2671.9  1810.5  1482.1  1473.1  2601.6  1675.2  2638.9  560.9  923.6  2162.8  970.7  1232.6  764.2  2532.7  3262.0  3286.5  1619.3  1176.9  1668.9  3286.2  523.5  1234.5  3587.1  3629.5  1442.4  1612.0
2949.7  202.3  1052.4  1299.8  795.6  1154.3  3208.4  2992.9  912.5  1027.4  3416.0  1701.7  2619.6  2081.7  2046.9  1770.2  3554.3  1349.7  319.9  1174.3  1298.0  3964.1  3355.9  2550.0  1205.1  732.2  2611.0  1618.6  4028.3  392.5  2484.5  3499.1  2161.2  2957.5  603.5  3664.8  424.0  3041.9  1783.4  1143.4  2300.1  3567.5  1497.9  1156.2  2323.0  2792.3  1479.9  0.0  3892.0  3015.2  377.5  2907.8  896.5  1750.2  711.3  1270.1  2702.0  3962.3  1284.0  970.5  3014.6  591.0  1828.5  1434.5  2106.7  3019.0  3553.5  2100.9  2264.5  3835.6  1494.0  2813.3  1915.2  3179.5  3545.5  2604.5  1594.3  2410.3  2545.5  2490.5  2909.5  1583.2  1112.5  2292.6  1417.6  1896.3  720.9  2547.6  3610.7  3555.2  1747.6  320.6  1230.6  3456.6  1170.5  1850.0  3724.9  3900.2  2451.1  304.2
979.7  3745.6  2970.0  2592.4  3156.7  2962.1  1595.7  1037.1  3429.6  3553.7  492.6  3660.0  1343.7  2597.1  1874.3  2243.6  344.7  2901.1  3574.7  3243.0  3708.5  677.2  789.1  1351.6  3213.9  3731.7  1289.6  3809.2  1330.4  3705.4  2285.8  574.3  2621.1  945.7  3426.9  1473.4  3485.7  907.6  2108.7  2944.4  1595.3  698.0  2406.3  2736.4  2543.4  1320.1  3591.1  3892.0  0.0  898.1  3564.3  1101.6  3004.1  2174.3  3561.3  3939.5  2242.1  1086.8  2789.2  2925.3  1468.7  3310.2  2133.7  2561.9  2402.8  970.2  1529.0  2597.8  1770.2  170.7  2401.2  2099.5  1978.8  1352.6  1576.5  1884.2  2336.9  2251.0  1417.3  2003.8  995.3  3030.2  2965.4  1601.1  2727.0  2359.7  3736.2  1374.4  333.4  337.0  2173.4  3695.8  2679.2  493.7  3980.8  2363.4  421.4  81.7  2342.8  3676.2
93.3  2861.6  2144.7  1717.8  2306.3  2160.2  1454.3  625.1  2629.1  2774.2  497.0  2989.6  453.0  2003.5  1059.8  1464.6  553.5  2136.8  2696.0  2474.8  2969.4  1233.4  769.0  465.4  2449.5  2916.4  405.2  3118.7  1695.4  2813.3  1812.8  517.9  2054.1  303.0  2533.3  1603.4  2602.7  452.0  1240.5  2136.9  717.4  914.8  1553.6  1859.8  2024.8  836.5  2883.2  3015.2  898.1  0.0  2678.2  612.5  2138.8  1345.9  2739.5  3189.9  1853.4  1488.7  1988.8  2045.0  1204.8  2428.3  1334.3  1751.1  1798.5  543.4  1587.9  2010.3  1068.1  886.0  1521.2  1755.4  1101.6  1196.3  1623.7  1426.0  1506.0  1746.1  524.0  1505.7  325.2  2332.0  2154.1  753.4  1952.4  1670.0  2919.7  476.9  688.0  568.0  1342.2  2836.9  1791.9  441.9  3215.9  1656.7  725.4  893.5  1860.1  2788.8
2608.8  188.1  879.8  981.5  614.1  1014.9  2990.3  2701.2  937.2  1105.7  3096.1  1792.5  2270.1  1962.2  1751.4  1523.2  3223.5  1231.0  141.6  1151.4  1417.0  3674.8  3065.2  2215.1  1175.2  882.2  2276.7  1745.0  3784.0  204.2  2331.4  3151.9  2050.1  2640.4  236.4  3437.5  99.8  2735.6  1463.7  992.0  1969.1  3277.7  1204.2  836.9  2204.6  2520.0  1563.1  377.5  3564.3  2678.2  0.0  2615.3  627.6  1464.5  781.1  1449.7  2549.4  3701.2  1104.6  644.1  2777.0  264.6  1558.5  1203.2  1951.6  2720.3  3331.5  1982.6  1999.1  3516.4  1164.4  2644.5  1586.4  2936.0  3327.8  2398.1  1318.4  2248.4  2195.4  2294.6  2593.4  1529.1  961.3  1973.8  1250.2  1708.9  873.3  2205.5  3293.2  3227.4  1459.8  445.0  886.2  3117.7  1368.9  1656.4  3379.3  3568.5  2305.4  114.2
